n=32
Integral is approx. 2.5580414074945272
Time: 2.666108 s
